7.7492e+01 -8.2638e-01 -8.4116e-01 -1.7982e-01 -2.5820e-01 -9.5143e-02 -9.7393e-01 -7.1810e-01 -9.9601e-01 -5.4580e-02 -9.7563e-01 -9.6546e-01 -5.5156e-01 -8.4113e-01 -6.8481e-01 -5.3000e-01 -4.3737e-01 -2.8478e-02 -2.8306e-01 -9.7718e-01 -1.1177e-01 -3.2540e-02 -4.7933e-01 -8.3212e-01 -1.0958e-01 -4.6017e-01 -1.7078e-01 -9.0954e-01 -9.5002e-01 -7.9643e-01 -3.7107e-01 -5.5885e-01 -6.2281e-01 -2.1224e-01 -7.3867e-01 -8.8101e-01 -3.0738e-01 -7.1260e-01 -5.9911e-01 -3.0339e-01 -7.6718e-01 -5.7474e-01 -2.6885e-01 -3.1874e-01 -4.1587e-01 -9.5366e-01 -8.4874e-01 -8.5324e-01 -9.8213e-01 -1.3180e-01 
-8.2638e-01 7.8692e+01 -8.3042e-01 -9.3906e-02 -1.6434e-01 -3.0975e-01 -9.2603e-01 -2.7392e-01 -7.6992e-01 -9.6814e-02 -1.8346e-01 -7.1994e-01 -8.9324e-01 -5.5453e-01 -2.7878e-01 -5.1606e-01 -7.6677e-01 -1.7452e-02 -3.9707e-01 -7.4147e-02 -7.3005e-01 -9.9617e-01 -3.7754e-01 -4.9723e-01 -5.7091e-01 -6.4639e-01 -8.1597e-01 -9.8678e-01 -6.0004e-01 -6.6471e-01 -8.4002e-01 -5.8218e-01 -7.9651e-01 -6.7045e-01 -6.7608e-01 -9.6085e-01 -9.8020e-01 -6.0211e-01 -2.3477e-01 -7.5011e-01 -6.9893e-01 -4.1823e-01 -4.7005e-01 -5.9217e-01 -9.7276e-01 -7.4883e-01 -1.0823e-01 -7.3953e-01 -7.6629e-01 -5.0530e-01 
-8.4116e-01 -8.3042e-01 7.7762e+01 -8.1367e-01 -4.9634e-01 -5.0147e-01 -1.9121e-01 -9.9357e-01 -7.2384e-02 -8.3760e-01 -8.0954e-01 -5.9164e-02 -4.3765e-01 -4.7426e-01 -8.9919e-01 -1.9824e-02 -2.7077e-01 -5.6963e-01 -6.9591e-01 -2.3161e-01 -5.4983e-01 -2.9802e-01 -4.6638e-01 -2.9994e-01 -9.9695e-01 -8.8461e-01 -7.7000e-01 -5.8912e-01 -8.5737e-01 -5.1883e-01 -6.9735e-01 -5.9689e-01 -2.8512e-01 -2.0265e-01 -4.1057e-01 -7.8145e-01 -7.0412e-01 -6.0178e-01 -7.7502e-01 -7.7651e-01 -4.3938e-01 -5.8457e-01 -8.3567e-01 -8.7703e-01 -5.8824e-02 -7.3486e-01 -8.9685e-01 -3.2959e-01 -3.0449e-01 -5.9276e-01 
-1.7982e-01 -9.3906e-02 -8.1367e-01 7.8593e+01 -5.6121e-01 -8.5432e-01 -8.9078e-01 -2.7588e-02 -1.5426e-01 -8.8773e-01 -9.1220e-01 -9.2426e-01 -4.7685e-01 -7.6957e-01 -4.4309e-01 -1.7420e-01 -3.6646e-01 -7.2821e-01 -3.7685e-01 -7.7703e-01 -5.0966e-01 -8.0979e-02 -3.7881e-01 -2.8468e-01 -8.5749e-01 -8.1819e-01 -8.6925e-01 -6.9316e-01 -6.9522e-01 -9.2808e-01 -4.2802e-01 -5.9207e-01 -2.5767e-01 -7.3251e-01 -1.8483e-01 -8.1887e-01 -5.8683e-01 -7.5613e-02 -8.4646e-01 -7.4109e-01 -9.6334e-01 -7.5866e-01 -6.6535e-01 -4.4020e-01 -5.2822e-01 -1.0844e-01 -6.1440e-01 -8.9468e-01 -8.3665e-01 -9.9125e-01 
-2.5820e-01 -1.6434e-01 -4.9634e-01 -5.6121e-01 7.1762e+01 -6.7171e-01 -3.4631e-01 -7.2233e-02 -5.0525e-02 -6.3100e-01 -9.2972e-01 -8.6872e-01 -5.0025e-01 -6.2288e-01 -5.6394e-01 -4.2832e-01 -5.0901e-02 -1.5601e-01 -6.8599e-01 -7.8341e-01 -3.4084e-01 -5.0486e-01 -3.7024e-01 -4.1646e-01 -3.5132e-01 -1.1134e-01 -3.7980e-01 -1.0998e-01 -7.7669e-01 -8.1999e-01 -6.3820e-01 -8.8513e-01 -4.3439e-01 -5.3288e-01 -7.2179e-01 -4.2565e-01 -2.0460e-01 -6.8096e-02 -4.9788e-01 -2.5512e-01 -6.9909e-01 -4.2760e-01 -1.2384e-01 -1.9934e-01 -5.0482e-02 -6.8778e-01 -6.2766e-01 -1.0138e-01 -8.4379e-01 -3.1365e-01 
-9.5143e-02 -3.0975e-01 -5.0147e-01 -8.5432e-01 -6.7171e-01 7.6033e+01 -8.8479e-01 -1.8463e-01 -8.1851e-01 -2.5504e-01 -6.0109e-01 -1.6983e-01 -3.6637e-01 -9.8089e-01 -2.7980e-01 -1.4306e-01 -8.0088e-01 -9.1801e-01 -2.8197e-02 -2.3527e-01 -4.5089e-01 -7.4998e-01 -6.6092e-01 -6.5549e-01 -8.1808e-01 -1.5880e-01 -9.1061e-01 -5.1717e-01 -5.8640e-01 -3.4452e-02 -7.1651e-01 -6.3688e-01 -7.2223e-01 -3.4417e-01 -7.3827e-01 -5.6602e-01 -6.5782e-01 -6.2306e-01 -7.5065e-01 -4.7633e-01 -8.7810e-01 -3.5174e-01 -6.4616e-01 -2.4447e-01 -3.3262e-01 -9.2596e-01 -3.8753e-01 -1.3350e-01 -8.4397e-01 -4.1573e-01 
-9.7393e-01 -9.2603e-01 -1.9121e-01 -8.9078e-01 -3.4631e-01 -8.8479e-01 7.4349e+01 -3.6878e-01 -2.9486e-01 -1.6571e-01 -2.9697e-02 -9.5034e-01 -9.8379e-01 -1.8850e-01 -8.6096e-01 -5.0095e-01 -7.7490e-01 -8.9541e-01 -2.1746e-01 -4.1178e-01 -6.1764e-01 -5.6163e-01 -1.5005e-01 -1.8366e-01 -2.1945e-01 -7.7311e-01 -9.3431e-01 -6.9578e-01 -6.5120e-01 -2.8605e-01 -3.4193e-01 -8.9567e-01 -6.1868e-01 -2.6789e-01 -2.8320e-01 -7.5218e-01 -1.1186e-01 -6.9893e-01 -1.2096e-01 -4.0671e-01 -8.6463e-01 -1.5066e-01 -3.5706e-01 -8.4842e-01 -3.3915e-01 -2.1801e-01 -3.4937e-01 -1.1405e-01 -1.1342e-01 -5.6684e-01 
-7.1810e-01 -2.7392e-01 -9.9357e-01 -2.7588e-02 -7.2233e-02 -1.8463e-01 -3.6878e-01 7.5042e+01 -5.2583e-01 -7.3106e-01 -1.2847e-01 -6.7588e-01 -9.1472e-01 -3.4792e-01 -4.4899e-01 -8.4903e-01 -4.3691e-02 -1.0019e-01 -1.3508e-01 -3.8562e-01 -9.9586e-01 -7.5376e-01 -6.5351e-01 -2.7906e-01 -5.0594e-01 -7.6537e-01 -9.7798e-01 -6.2690e-01 -1.7208e-01 -8.4262e-01 -7.7756e-01 -5.2914e-01 -6.9103e-01 -1.1671e-01 -7.4715e-01 -4.0408e-02 -2.3076e-01 -8.6057e-01 -6.0724e-01 -7.5659e-01 -5.9163e-01 -7.3571e-01 -4.3247e-01 -5.0635e-01 -8.3626e-02 -8.8145e-01 -3.5539e-01 -1.2732e-01 -9.8164e-01 -4.9047e-01 
-9.9601e-01 -7.6992e-01 -7.2384e-02 -1.5426e-01 -5.0525e-02 -8.1851e-01 -2.9486e-01 -5.2583e-01 7.1841e+01 -5.1294e-01 -9.7750e-01 -2.4423e-01 -1.6645e-01 -2.5656e-01 -7.5017e-01 -9.3183e-01 -2.3454e-01 -3.7707e-01 -1.0391e-01 -7.7156e-02 -1.5463e-01 -6.3305e-01 -7.6819e-01 -2.7134e-01 -3.8020e-01 -8.0860e-01 -5.0209e-01 -2.4078e-01 -4.1584e-01 -2.5868e-01 -8.3241e-01 -1.5155e-01 -6.9115e-01 -3.3877e-01 -2.3518e-01 -5.7261e-01 -6.9415e-01 -3.6250e-01 -5.5425e-01 -1.8462e-01 -8.7544e-01 -5.3175e-01 -4.2886e-01 -4.1889e-02 -7.8831e-01 -1.7903e-01 -9.7371e-01 -2.2846e-02 -5.5610e-01 -7.7624e-02 
-5.4580e-02 -9.6814e-02 -8.3760e-01 -8.8773e-01 -6.3100e-01 -2.5504e-01 -1.6571e-01 -7.3106e-01 -5.1294e-01 7.5737e+01 -1.0000e-01 -7.1073e-01 -7.1067e-01 -8.6819e-01 -9.8207e-01 -9.0879e-02 -6.7679e-01 -4.8417e-01 -3.3166e-01 -9.2635e-02 -7.4285e-01 -1.6407e-01 -2.4419e-01 -4.3400e-01 -5.0284e-01 -4.7937e-01 -6.6065e-03 -1.9699e-01 -8.4186e-01 -5.6085e-01 -3.8161e-01 -7.1730e-01 -9.2602e-02 -8.1047e-01 -7.5919e-01 -8.8091e-01 -9.8950e-01 -7.3290e-01 -9.0375e-01 -5.4560e-01 -8.1053e-01 -3.7571e-03 -2.5634e-01 -5.2120e-01 -8.7195e-01 -2.3841e-01 -6.1208e-01 -5.4874e-01 -7.2257e-01 -9.4374e-01 
-9.7563e-01 -1.8346e-01 -8.0954e-01 -9.1220e-01 -9.2972e-01 -6.0109e-01 -2.9697e-02 -1.2847e-01 -9.7750e-01 -1.0000e-01 7.4795e+01 -6.4138e-01 -4.6542e-01 -1.0781e-01 -8.8557e-01 -8.9942e-01 -6.1065e-01 -3.6493e-01 -9.0603e-01 -8.0763e-01 -2.0680e-01 -4.6688e-01 -1.8925e-01 -9.2410e-01 -5.5949e-01 -9.9971e-01 -6.8329e-01 -4.4039e-01 -9.8921e-01 -4.1619e-01 -3.4415e-01 -5.3481e-01 -2.2672e-01 -3.4790e-01 -7.9115e-01 -7.4792e-01 -2.1985e-01 -2.9554e-02 -3.6001e-01 -7.6860e-01 -7.5213e-01 -3.0374e-01 -4.0997e-01 -2.1755e-01 -4.1155e-01 -2.9554e-01 -1.1697e-01 -2.2200e-02 -6.6048e-01 -2.2999e-02 
-9.6546e-01 -7.1994e-01 -5.9164e-02 -9.2426e-01 -8.6872e-01 -1.6983e-01 -9.5034e-01 -6.7588e-01 -2.4423e-01 -7.1073e-01 -6.4138e-01 7.5702e+01 -8.2983e-01 -8.6728e-01 -4.8988e-01 -1.9081e-02 -7.9138e-01 -4.9367e-02 -1.8796e-02 -4.7467e-01 -4.8976e-01 -8.0076e-03 -8.9086e-01 -8.3391e-01 -5.4282e-01 -1.1758e-01 -1.8181e-01 -3.3397e-01 -8.6551e-01 -4.0167e-01 -3.6352e-01 -2.2551e-01 -1.7026e-01 -1.1565e-01 -5.2926e-01 -5.8024e-01 -3.3320e-01 -9.4081e-01 -8.7578e-01 -4.5016e-01 -9.6301e-01 -5.3626e-01 -4.7316e-01 -7.9285e-01 -4.0353e-01 -9.6305e-01 -8.1193e-01 -1.9491e-01 -1.2413e-02 -8.3072e-01 
-5.5156e-01 -8.9324e-01 -4.3765e-01 -4.7685e-01 -5.0025e-01 -3.6637e-01 -9.8379e-01 -9.1472e-01 -1.6645e-01 -7.1067e-01 -4.6542e-01 -8.2983e-01 7.7322e+01 -6.6958e-01 -5.0217e-01 -8.3873e-01 -5.6044e-01 -3.3608e-01 -3.8155e-01 -6.7802e-01 -5.1789e-01 -7.1552e-01 -5.4353e-01 -9.1956e-01 -7.9042e-02 -7.6904e-01 -8.9825e-02 -1.9469e-01 -2.9830e-01 -6.7006e-01 -5.2789e-01 -2.3911e-01 -5.4584e-01 -9.7805e-01 -2.0213e-01 -8.2102e-02 -4.5121e-01 -9.9497e-01 -4.8563e-01 -4.1426e-01 -8.0690e-01 -6.8054e-01 -4.2667e-01 -6.3762e-01 -3.5012e-01 -9.2884e-01 -4.7635e-01 -9.1056e-01 -2.6493e-01 -8.5791e-01 
-8.4113e-01 -5.5453e-01 -4.7426e-01 -7.6957e-01 -6.2288e-01 -9.8089e-01 -1.8850e-01 -3.4792e-01 -2.5656e-01 -8.6819e-01 -1.0781e-01 -8.6728e-01 -6.6958e-01 7.5532e+01 -5.8858e-01 -7.8282e-01 -5.7342e-01 -1.3211e-01 -7.0238e-01 -6.5247e-01 -9.0115e-01 -7.9220e-01 -8.4716e-01 -1.9945e-01 -4.6227e-01 -3.7504e-01 -4.3857e-01 -8.1115e-03 -3.5309e-01 -6.4069e-01 -9.0213e-02 -8.0431e-01 -6.3566e-01 -5.7585e-01 -2.1856e-01 -4.4256e-01 -2.5639e-01 -6.4524e-01 -8.0184e-02 -6.0651e-01 -5.7408e-01 -5.5654e-01 -5.1707e-01 -8.3901e-01 -4.1444e-01 -1.0564e-01 -6.2182e-01 -9.8787e-01 -2.3775e-01 -3.2420e-01 
-6.8481e-01 -2.7878e-01 -8.9919e-01 -4.4309e-01 -5.6394e-01 -2.7980e-01 -8.6096e-01 -4.4899e-01 -7.5017e-01 -9.8207e-01 -8.8557e-01 -4.8988e-01 -5.0217e-01 -5.8858e-01 7.4430e+01 -6.4033e-01 -1.3890e-01 -1.1640e-01 -4.8749e-01 -3.3835e-01 -5.7867e-01 -8.6253e-01 -7.7691e-01 -5.8678e-01 -2.1563e-01 -4.1761e-01 -6.7700e-01 -1.9932e-02 -5.3267e-02 -2.5284e-01 -2.3850e-01 -4.9583e-01 -5.0923e-01 -8.8373e-01 -5.7601e-01 -1.1574e-01 -4.5781e-01 -1.3255e-01 -6.3281e-01 -2.9682e-01 -5.4699e-01 -7.3845e-01 -9.1864e-01 -5.3486e-01 -9.7620e-01 -2.4285e-01 -1.7519e-01 -1.1510e-01 -3.5925e-01 -6.6269e-01 
-5.3000e-01 -5.1606e-01 -1.9824e-02 -1.7420e-01 -4.2832e-01 -1.4306e-01 -5.0095e-01 -8.4903e-01 -9.3183e-01 -9.0879e-02 -8.9942e-01 -1.9081e-02 -8.3873e-01 -7.8282e-01 -6.4033e-01 7.6840e+01 -4.5345e-01 -9.3792e-01 -5.2522e-01 -2.3036e-01 -5.2471e-01 -7.4085e-01 -6.4797e-01 -2.0170e-01 -7.6078e-01 -7.0123e-01 -4.5454e-01 -9.9927e-01 -1.9706e-01 -9.6378e-01 -8.8301e-01 -7.7308e-01 -7.9519e-02 -3.4082e-01 -9.0563e-01 -7.1233e-01 -6.3764e-01 -4.5262e-01 -4.5078e-01 -5.5629e-01 -9.8748e-01 -4.2698e-01 -7.9913e-01 -1.6267e-01 -5.4207e-01 -1.5838e-01 -8.2536e-01 -9.9552e-01 -9.6306e-02 -3.5058e-01 
-4.3737e-01 -7.6677e-01 -2.7077e-01 -3.6646e-01 -5.0901e-02 -8.0088e-01 -7.7490e-01 -4.3691e-02 -2.3454e-01 -6.7679e-01 -6.1065e-01 -7.9138e-01 -5.6044e-01 -5.7342e-01 -1.3890e-01 -4.5345e-01 7.4385e+01 -2.2588e-01 -6.2101e-01 -9.1423e-02 -8.7385e-01 -8.2271e-01 -8.5220e-01 -5.7508e-01 -2.7726e-01 -8.5147e-01 -7.7215e-01 -2.4103e-01 -7.3448e-01 -5.4522e-01 -3.2055e-01 -7.5303e-02 -4.5085e-01 -3.2878e-02 -7.1295e-01 -9.0346e-01 -4.8366e-01 -2.6923e-01 -8.9094e-01 -9.1063e-01 -6.8365e-02 -5.3613e-02 -4.5271e-01 -2.2675e-01 -8.7897e-01 -4.4823e-01 -3.2306e-01 -2.2955e-01 -6.7411e-01 -9.4407e-01 
-2.8478e-02 -1.7452e-02 -5.6963e-01 -7.2821e-01 -1.5601e-01 -9.1801e-01 -8.9541e-01 -1.0019e-01 -3.7707e-01 -4.8417e-01 -3.6493e-01 -4.9367e-02 -3.3608e-01 -1.3211e-01 -1.1640e-01 -9.3792e-01 -2.2588e-01 7.2998e+01 -3.2097e-01 -5.4796e-01 -7.6678e-01 -1.7317e-01 -1.2304e-01 -4.4035e-02 -2.4646e-02 -8.9519e-01 -2.8507e-01 -7.5913e-01 -4.4041e-01 -6.0562e-01 -8.3443e-01 -8.9125e-01 -6.3850e-01 -5.4738e-01 -7.9472e-01 -1.2215e-01 -8.1661e-01 -6.8566e-01 -3.2785e-02 -8.8497e-01 -7.3927e-01 -4.8549e-01 -1.1172e-01 -6.1824e-01 -9.3372e-01 -4.3478e-01 -8.4779e-01 -6.0782e-01 -3.7885e-01 -1.6876e-01 
-2.8306e-01 -3.9707e-01 -6.9591e-01 -3.7685e-01 -6.8599e-01 -2.8197e-02 -2.1746e-01 -1.3508e-01 -1.0391e-01 -3.3166e-01 -9.0603e-01 -1.8796e-02 -3.8155e-01 -7.0238e-01 -4.8749e-01 -5.2522e-01 -6.2101e-01 -3.2097e-01 7.0777e+01 -1.5578e-01 -1.4562e-01 -3.4193e-01 -2.7882e-01 -1.8966e-01 -3.6658e-01 -1.7401e-01 -4.7473e-01 -1.2571e-01 -6.1442e-01 -8.0347e-02 -9.6014e-01 -5.0567e-01 -7.1885e-01 -5.0751e-01 -3.0039e-01 -8.4100e-01 -3.2412e-01 -9.8605e-01 -8.7378e-01 -2.0909e-01 -7.2532e-01 -3.5927e-01 -3.2081e-01 -3.4356e-01 -2.9299e-01 -7.5559e-01 -1.9135e-01 -9.0081e-01 -1.3444e-01 -3.6011e-01 
-9.7718e-01 -7.4147e-02 -2.3161e-01 -7.7703e-01 -7.8341e-01 -2.3527e-01 -4.1178e-01 -3.8562e-01 -7.7156e-02 -9.2635e-02 -8.0763e-01 -4.7467e-01 -6.7802e-01 -6.5247e-01 -3.3835e-01 -2.3036e-01 -9.1423e-02 -5.4796e-01 -1.5578e-01 7.1927e+01 -5.6593e-02 -2.8006e-01 -7.0204e-01 -3.3541e-01 -4.6972e-01 -6.8622e-02 -5.0942e-01 -9.4445e-01 -1.9433e-01 -1.2384e-01 -2.4798e-02 -1.5446e-01 -6.2951e-01 -7.4364e-01 -6.6198e-01 -9.2989e-01 -5.8464e-01 -9.8609e-01 -9.1594e-01 -4.5842e-01 -1.9519e-01 -6.4125e-01 -8.1770e-01 -5.1600e-01 -9.8481e-01 -1.1068e-01 -2.7160e-01 -1.7616e-01 -1.1496e-02 -4.0603e-01 
-1.1177e-01 -7.3005e-01 -5.4983e-01 -5.0966e-01 -3.4084e-01 -4.5089e-01 -6.1764e-01 -9.9586e-01 -1.5463e-01 -7.4285e-01 -2.0680e-01 -4.8976e-01 -5.1789e-01 -9.0115e-01 -5.7867e-01 -5.2471e-01 -8.7385e-01 -7.6678e-01 -1.4562e-01 -5.6593e-02 7.2599e+01 -5.3628e-01 -6.8089e-02 -6.8610e-01 -2.3832e-01 -4.0350e-01 -1.5582e-01 -3.0694e-01 -9.1292e-01 -1.0027e-01 -5.0127e-01 -3.6761e-02 -1.2507e-01 -6.5573e-01 -6.6627e-01 -8.6871e-01 -3.1771e-01 -5.9616e-01 -4.5335e-01 -3.0380e-01 -5.1210e-01 -9.1177e-01 -4.9899e-01 -1.5335e-01 -7.2947e-01 -1.4991e-02 -1.3816e-01 -8.4015e-01 -2.8659e-01 -3.1433e-01 
-3.2540e-02 -9.9617e-01 -2.9802e-01 -8.0979e-02 -5.0486e-01 -7.4998e-01 -5.6163e-01 -7.5376e-01 -6.3305e-01 -1.6407e-01 -4.6688e-01 -8.0076e-03 -7.1552e-01 -7.9220e-01 -8.6253e-01 -7.4085e-01 -8.2271e-01 -1.7317e-01 -3.4193e-01 -2.8006e-01 -5.3628e-01 7.5801e+01 -8.5165e-01 -6.9262e-01 -8.5060e-01 -9.1974e-01 -3.7871e-01 -8.8923e-02 -3.2324e-01 -5.3453e-01 -3.9586e-01 -2.3616e-01 -6.3480e-01 -8.9713e-01 -2.7293e-01 -7.5987e-01 -5.5286e-01 -9.3919e-01 -6.2858e-01 -8.7057e-01 -5.3535e-01 -8.1925e-02 -1.7437e-01 -4.7447e-02 -9.9370e-01 -6.7336e-01 -2.0080e-01 -7.2317e-01 -6.8835e-01 -3.3896e-01 
-4.7933e-01 -3.7754e-01 -4.6638e-01 -3.7881e-01 -3.7024e-01 -6.6092e-01 -1.5005e-01 -6.5351e-01 -7.6819e-01 -2.4419e-01 -1.8925e-01 -8.9086e-01 -5.4353e-01 -8.4716e-01 -7.7691e-01 -6.4797e-01 -8.5220e-01 -1.2304e-01 -2.7882e-01 -7.0204e-01 -6.8089e-02 -8.5165e-01 7.6233e+01 -5.6332e-01 -9.7494e-01 -6.5329e-01 -4.1497e-01 -6.6756e-01 -5.0389e-01 -3.3470e-01 -4.6272e-02 -5.9282e-01 -6.5794e-01 -5.8080e-01 -9.8868e-01 -8.9411e-01 -2.1561e-01 -8.8581e-01 -1.6703e-01 -9.7547e-01 -4.3868e-01 -1.0623e-01 -6.0405e-01 -3.0925e-01 -6.4158e-01 -6.8597e-01 -4.8362e-01 -6.8902e-01 -6.7967e-01 -1.5698e-01 
-8.3212e-01 -4.9723e-01 -2.9994e-01 -2.8468e-01 -4.1646e-01 -6.5549e-01 -1.8366e-01 -2.7906e-01 -2.7134e-01 -4.3400e-01 -9.2410e-01 -8.3391e-01 -9.1956e-01 -1.9945e-01 -5.8678e-01 -2.0170e-01 -5.7508e-01 -4.4035e-02 -1.8966e-01 -3.3541e-01 -6.8610e-01 -6.9262e-01 -5.6332e-01 7.5600e+01 -8.8982e-01 -4.0284e-01 -8.4533e-01 -2.2878e-01 -9.6615e-01 -8.2027e-01 -8.8207e-01 -3.8112e-01 -4.8783e-01 -3.8597e-01 -7.1583e-01 -5.3410e-01 -9.7879e-01 -3.7377e-01 -1.1490e-01 -9.6747e-01 -2.6788e-01 -3.3051e-01 -8.5328e-01 -4.3491e-01 -3.0598e-01 -2.9196e-01 -5.4114e-01 -9.1003e-01 -6.0121e-01 -1.8271e-01 
-1.0958e-01 -5.7091e-01 -9.9695e-01 -8.5749e-01 -3.5132e-01 -8.1808e-01 -2.1945e-01 -5.0594e-01 -3.8020e-01 -5.0284e-01 -5.5949e-01 -5.4282e-01 -7.9042e-02 -4.6227e-01 -2.1563e-01 -7.6078e-01 -2.7726e-01 -2.4646e-02 -3.6658e-01 -4.6972e-01 -2.3832e-01 -8.5060e-01 -9.7494e-01 -8.8982e-01 7.3623e+01 -5.9600e-01 -8.4825e-02 -8.7174e-01 -2.7567e-01 -2.4180e-01 -7.6156e-01 -6.7850e-01 -8.7136e-02 -9.9034e-01 -6.4466e-01 -9.0740e-01 -8.7242e-01 -2.5778e-02 -3.9523e-01 -2.5839e-01 -7.4160e-01 -9.2933e-01 -2.3717e-01 -1.1537e-01 -4.4229e-02 -2.0464e-01 -3.8325e-01 -3.7474e-01 -5.7924e-02 -8.1816e-01 
-4.6017e-01 -6.4639e-01 -8.8461e-01 -8.1819e-01 -1.1134e-01 -1.5880e-01 -7.7311e-01 -7.6537e-01 -8.0860e-01 -4.7937e-01 -9.9971e-01 -1.1758e-01 -7.6904e-01 -3.7504e-01 -4.1761e-01 -7.0123e-01 -8.5147e-01 -8.9519e-01 -1.7401e-01 -6.8622e-02 -4.0350e-01 -9.1974e-01 -6.5329e-01 -4.0284e-01 -5.9600e-01 7.4502e+01 -6.8071e-01 -3.4988e-01 -3.5930e-01 -5.9074e-01 -9.5109e-01 -5.4202e-01 -1.8674e-01 -3.5915e-02 -4.1376e-01 -4.6241e-01 -2.7772e-01 -1.7532e-01 -1.4091e-01 -3.6486e-01 -1.6566e-01 -7.8557e-01 -2.7226e-01 -3.8077e-02 -8.1135e-01 -6.6749e-01 -2.9646e-01 -5.5295e-01 -5.9682e-01 -5.3364e-01 
-1.7078e-01 -8.1597e-01 -7.7000e-01 -8.6925e-01 -3.7980e-01 -9.1061e-01 -9.3431e-01 -9.7798e-01 -5.0209e-01 -6.6065e-03 -6.8329e-01 -1.8181e-01 -8.9825e-02 -4.3857e-01 -6.7700e-01 -4.5454e-01 -7.7215e-01 -2.8507e-01 -4.7473e-01 -5.0942e-01 -1.5582e-01 -3.7871e-01 -4.1497e-01 -8.4533e-01 -8.4825e-02 -6.8071e-01 7.4213e+01 -6.6832e-01 -6.4104e-01 -7.3828e-01 -5.1576e-02 -1.5780e-02 -7.9620e-01 -8.6974e-01 -6.9649e-01 -1.4609e-01 -2.2904e-01 -2.8723e-01 -9.7176e-02 -7.7106e-01 -4.7397e-01 -1.3309e-01 -1.8482e-01 -9.3638e-01 -4.1081e-01 -3.6013e-01 -7.7289e-02 -7.7567e-01 -5.2579e-01 -8.6286e-01 
-9.0954e-01 -9.8678e-01 -5.8912e-01 -6.9316e-01 -1.0998e-01 -5.1717e-01 -6.9578e-01 -6.2690e-01 -2.4078e-01 -1.9699e-01 -4.4039e-01 -3.3397e-01 -1.9469e-01 -8.1115e-03 -1.9932e-02 -9.9927e-01 -2.4103e-01 -7.5913e-01 -1.2571e-01 -9.4445e-01 -3.0694e-01 -8.8923e-02 -6.6756e-01 -2.2878e-01 -8.7174e-01 -3.4988e-01 -6.6832e-01 7.5407e+01 -4.7926e-02 -5.6387e-01 -6.7420e-01 -7.1541e-01 -8.6033e-01 -2.2715e-01 -3.1223e-01 -3.9397e-01 -8.9547e-01 -9.5328e-01 -1.3225e-01 -9.4705e-01 -9.6906e-01 -9.2845e-01 -8.1679e-01 -6.6555e-01 -7.4540e-02 -4.5833e-02 -9.5279e-01 -1.7172e-01 -8.1689e-01 -4.2676e-01 
-9.5002e-01 -6.0004e-01 -8.5737e-01 -6.9522e-01 -7.7669e-01 -5.8640e-01 -6.5120e-01 -1.7208e-01 -4.1584e-01 -8.4186e-01 -9.8921e-01 -8.6551e-01 -2.9830e-01 -3.5309e-01 -5.3267e-02 -1.9706e-01 -7.3448e-01 -4.4041e-01 -6.1442e-01 -1.9433e-01 -9.1292e-01 -3.2324e-01 -5.0389e-01 -9.6615e-01 -2.7567e-01 -3.5930e-01 -6.4104e-01 -4.7926e-02 7.4704e+01 -3.0481e-01 -1.7114e-03 -3.6314e-01 -7.1562e-01 -3.6184e-01 -4.4043e-01 -4.9128e-01 -8.8764e-01 -3.0328e-01 -5.3921e-01 -4.5151e-01 -9.7749e-01 -2.5462e-01 -3.1184e-01 -2.0464e-01 -5.6686e-01 -7.0581e-01 -1.0011e-01 -5.2013e-01 -8.3807e-01 -4.7159e-02 
-7.9643e-01 -6.6471e-01 -5.1883e-01 -9.2808e-01 -8.1999e-01 -3.4452e-02 -2.8605e-01 -8.4262e-01 -2.5868e-01 -5.6085e-01 -4.1619e-01 -4.0167e-01 -6.7006e-01 -6.4069e-01 -2.5284e-01 -9.6378e-01 -5.4522e-01 -6.0562e-01 -8.0347e-02 -1.2384e-01 -1.0027e-01 -5.3453e-01 -3.3470e-01 -8.2027e-01 -2.4180e-01 -5.9074e-01 -7.3828e-01 -5.6387e-01 -3.0481e-01 7.4659e+01 -4.8919e-01 -7.6652e-01 -8.6395e-01 -1.5474e-01 -8.4106e-01 -9.0978e-01 -1.0753e-01 -1.2776e-02 -7.2668e-01 -5.3428e-01 -3.1758e-01 -7.2839e-01 -8.9742e-01 -3.3202e-02 -9.0232e-02 -3.3785e-01 -5.2449e-01 -9.7787e-01 -6.4113e-01 -6.3696e-02 
-3.7107e-01 -8.4002e-01 -6.9735e-01 -4.2802e-01 -6.3820e-01 -7.1651e-01 -3.4193e-01 -7.7756e-01 -8.3241e-01 -3.8161e-01 -3.4415e-01 -3.6352e-01 -5.2789e-01 -9.0213e-02 -2.3850e-01 -8.8301e-01 -3.2055e-01 -8.3443e-01 -9.6014e-01 -2.4798e-02 -5.0127e-01 -3.9586e-01 -4.6272e-02 -8.8207e-01 -7.6156e-01 -9.5109e-01 -5.1576e-02 -6.7420e-01 -1.7114e-03 -4.8919e-01 7.6743e+01 -4.2938e-01 -6.1862e-01 -3.1832e-01 -7.4122e-01 -8.2325e-01 -8.8518e-01 -4.4704e-01 -9.2336e-01 -4.0531e-01 -2.8510e-01 -9.7052e-01 -8.9450e-01 -5.1620e-02 -8.3447e-01 -4.9238e-02 -8.9268e-01 -7.4425e-01 -1.5676e-01 -9.0546e-01 
-5.5885e-01 -5.8218e-01 -5.9689e-01 -5.9207e-01 -8.8513e-01 -6.3688e-01 -8.9567e-01 -5.2914e-01 -1.5155e-01 -7.1730e-01 -5.3481e-01 -2.2551e-01 -2.3911e-01 -8.0431e-01 -4.9583e-01 -7.7308e-01 -7.5303e-02 -8.9125e-01 -5.0567e-01 -1.5446e-01 -3.6761e-02 -2.3616e-01 -5.9282e-01 -3.8112e-01 -6.7850e-01 -5.4202e-01 -1.5780e-02 -7.1541e-01 -3.6314e-01 -7.6652e-01 -4.2938e-01 7.3248e+01 -4.7093e-01 -6.9105e-01 -2.2304e-01 -1.9931e-01 -5.8847e-01 -2.5624e-01 -2.8955e-01 -9.2632e-01 -7.8073e-01 -2.6742e-01 -5.6745e-01 -8.4442e-01 -6.9679e-01 -1.8607e-01 -1.6274e-01 -4.3802e-01 -9.3269e-03 -4.7920e-02 
-6.2281e-01 -7.9651e-01 -2.8512e-01 -2.5767e-01 -4.3439e-01 -7.2223e-01 -6.1868e-01 -6.9103e-01 -6.9115e-01 -9.2602e-02 -2.2672e-01 -1.7026e-01 -5.4584e-01 -6.3566e-01 -5.0923e-01 -7.9519e-02 -4.5085e-01 -6.3850e-01 -7.1885e-01 -6.2951e-01 -1.2507e-01 -6.3480e-01 -6.5794e-01 -4.8783e-01 -8.7136e-02 -1.8674e-01 -7.9620e-01 -8.6033e-01 -7.1562e-01 -8.6395e-01 -6.1862e-01 -4.7093e-01 7.4134e+01 -8.8505e-01 -9.3269e-01 -4.5323e-01 -1.7015e-01 -9.0321e-01 -3.4773e-01 -2.2177e-01 -7.3769e-01 -3.9697e-01 -1.1445e-01 -4.8194e-01 -5.5373e-01 -1.9907e-02 -9.5287e-01 -2.4478e-01 -2.4295e-01 -1.5218e-01 
-2.1224e-01 -6.7045e-01 -2.0265e-01 -7.3251e-01 -5.3288e-01 -3.4417e-01 -2.6789e-01 -1.1671e-01 -3.3877e-01 -8.1047e-01 -3.4790e-01 -1.1565e-01 -9.7805e-01 -5.7585e-01 -8.8373e-01 -3.4082e-01 -3.2878e-02 -5.4738e-01 -5.0751e-01 -7.4364e-01 -6.5573e-01 -8.9713e-01 -5.8080e-01 -3.8597e-01 -9.9034e-01 -3.5915e-02 -8.6974e-01 -2.2715e-01 -3.6184e-01 -1.5474e-01 -3.1832e-01 -6.9105e-01 -8.8505e-01 7.4422e+01 -8.3325e-01 -4.9919e-01 -4.4173e-01 -7.5956e-01 -2.7991e-01 -7.0914e-01 -3.2702e-01 -1.2434e-01 -4.0594e-01 -5.1309e-01 -2.8708e-01 -8.4395e-01 -5.2242e-01 -3.3500e-01 -7.2900e-01 -4.5511e-01 
-7.3867e-01 -6.7608e-01 -4.1057e-01 -1.8483e-01 -7.2179e-01 -7.3827e-01 -2.8320e-01 -7.4715e-01 -2.3518e-01 -7.5919e-01 -7.9115e-01 -5.2926e-01 -2.0213e-01 -2.1856e-01 -5.7601e-01 -9.0563e-01 -7.1295e-01 -7.9472e-01 -3.0039e-01 -6.6198e-01 -6.6627e-01 -2.7293e-01 -9.8868e-01 -7.1583e-01 -6.4466e-01 -4.1376e-01 -6.9649e-01 -3.1223e-01 -4.4043e-01 -8.4106e-01 -7.4122e-01 -2.2304e-01 -9.3269e-01 -8.3325e-01 7.6040e+01 -7.8823e-01 -8.9915e-01 -3.5832e-01 -1.3596e-01 -1.2093e-01 -9.6007e-02 -5.3292e-01 -2.3538e-01 -5.7794e-01 -8.6652e-02 -2.5528e-01 -5.3081e-01 -3.3143e-01 -4.9823e-01 -6.8299e-01 
-8.8101e-01 -9.6085e-01 -7.8145e-01 -8.1887e-01 -4.2565e-01 -5.6602e-01 -7.5218e-01 -4.0408e-02 -5.7261e-01 -8.8091e-01 -7.4792e-01 -5.8024e-01 -8.2102e-02 -4.4256e-01 -1.1574e-01 -7.1233e-01 -9.0346e-01 -1.2215e-01 -8.4100e-01 -9.2989e-01 -8.6871e-01 -7.5987e-01 -8.9411e-01 -5.3410e-01 -9.0740e-01 -4.6241e-01 -1.4609e-01 -3.9397e-01 -4.9128e-01 -9.0978e-01 -8.2325e-01 -1.9931e-01 -4.5323e-01 -4.9919e-01 -7.8823e-01 7.7351e+01 -1.6467e-01 -9.9742e-01 -1.2472e-01 -9.2424e-01 -2.7733e-01 -8.3386e-01 -2.5126e-01 -4.0167e-01 -2.3979e-01 -7.6435e-01 -6.8875e-01 -8.3746e-02 -2.8676e-01 -2.3745e-02 
-3.0738e-01 -9.8020e-01 -7.0412e-01 -5.8683e-01 -2.0460e-01 -6.5782e-01 -1.1186e-01 -2.3076e-01 -6.9415e-01 -9.8950e-01 -2.1985e-01 -3.3320e-01 -4.5121e-01 -2.5639e-01 -4.5781e-01 -6.3764e-01 -4.8366e-01 -8.1661e-01 -3.2412e-01 -5.8464e-01 -3.1771e-01 -5.5286e-01 -2.1561e-01 -9.7879e-01 -8.7242e-01 -2.7772e-01 -2.2904e-01 -8.9547e-01 -8.8764e-01 -1.0753e-01 -8.8518e-01 -5.8847e-01 -1.7015e-01 -4.4173e-01 -8.9915e-01 -1.6467e-01 7.5886e+01 -8.1275e-01 -7.4187e-01 -8.1197e-01 -7.1190e-01 -1.0019e-01 -9.4793e-01 -8.3283e-01 -1.9620e-01 -4.8085e-01 -6.8205e-02 -7.7414e-01 -5.6750e-01 -3.2349e-01 
-7.1260e-01 -6.0211e-01 -6.0178e-01 -7.5613e-02 -6.8096e-02 -6.2306e-01 -6.9893e-01 -8.6057e-01 -3.6250e-01 -7.3290e-01 -2.9554e-02 -9.4081e-01 -9.9497e-01 -6.4524e-01 -1.3255e-01 -4.5262e-01 -2.6923e-01 -6.8566e-01 -9.8605e-01 -9.8609e-01 -5.9616e-01 -9.3919e-01 -8.8581e-01 -3.7377e-01 -2.5778e-02 -1.7532e-01 -2.8723e-01 -9.5328e-01 -3.0328e-01 -1.2776e-02 -4.4704e-01 -2.5624e-01 -9.0321e-01 -7.5956e-01 -3.5832e-01 -9.9742e-01 -8.1275e-01 7.7325e+01 -3.0495e-01 -8.9893e-01 -8.2172e-01 -9.8794e-01 -6.3606e-02 -8.1914e-01 -1.1266e-01 -9.8785e-01 -9.6468e-02 -9.4651e-01 -2.3910e-01 -4.9814e-01 
-5.9911e-01 -2.3477e-01 -7.7502e-01 -8.4646e-01 -4.9788e-01 -7.5065e-01 -1.2096e-01 -6.0724e-01 -5.5425e-01 -9.0375e-01 -3.6001e-01 -8.7578e-01 -4.8563e-01 -8.0184e-02 -6.3281e-01 -4.5078e-01 -8.9094e-01 -3.2785e-02 -8.7378e-01 -9.1594e-01 -4.5335e-01 -6.2858e-01 -1.6703e-01 -1.1490e-01 -3.9523e-01 -1.4091e-01 -9.7176e-02 -1.3225e-01 -5.3921e-01 -7.2668e-01 -9.2336e-01 -2.8955e-01 -3.4773e-01 -2.7991e-01 -1.3596e-01 -1.2472e-01 -7.4187e-01 -3.0495e-01 7.0244e+01 -1.8631e-01 -3.4471e-03 -1.8688e-01 -2.7006e-01 -2.9021e-01 -2.1063e-01 -8.2804e-02 -3.2078e-02 -2.2599e-02 -7.9471e-01 -1.3227e-01 
-3.0339e-01 -7.5011e-01 -7.7651e-01 -7.4109e-01 -2.5512e-01 -4.7633e-01 -4.0671e-01 -7.5659e-01 -1.8462e-01 -5.4560e-01 -7.6860e-01 -4.5016e-01 -4.1426e-01 -6.0651e-01 -2.9682e-01 -5.5629e-01 -9.1063e-01 -8.8497e-01 -2.0909e-01 -4.5842e-01 -3.0380e-01 -8.7057e-01 -9.7547e-01 -9.6747e-01 -2.5839e-01 -3.6486e-01 -7.7106e-01 -9.4705e-01 -4.5151e-01 -5.3428e-01 -4.0531e-01 -9.2632e-01 -2.2177e-01 -7.0914e-01 -1.2093e-01 -9.2424e-01 -8.1197e-01 -8.9893e-01 -1.8631e-01 7.6941e+01 -9.7053e-01 -6.2754e-01 -3.2847e-01 -4.5138e-01 -6.9574e-01 -1.0261e-01 -1.8882e-02 -1.9230e-02 -4.0756e-01 -9.1781e-01 
-7.6718e-01 -6.9893e-01 -4.3938e-01 -9.6334e-01 -6.9909e-01 -8.7810e-01 -8.6463e-01 -5.9163e-01 -8.7544e-01 -8.1053e-01 -7.5213e-01 -9.6301e-01 -8.0690e-01 -5.7408e-01 -5.4699e-01 -9.8748e-01 -6.8365e-02 -7.3927e-01 -7.2532e-01 -1.9519e-01 -5.1210e-01 -5.3535e-01 -4.3868e-01 -2.6788e-01 -7.4160e-01 -1.6566e-01 -4.7397e-01 -9.6906e-01 -9.7749e-01 -3.1758e-01 -2.8510e-01 -7.8073e-01 -7.3769e-01 -3.2702e-01 -9.6007e-02 -2.7733e-01 -7.1190e-01 -8.2172e-01 -3.4471e-03 -9.7053e-01 8.0133e+01 -8.4095e-01 -3.9550e-01 -9.8142e-01 -6.6009e-01 -5.0816e-01 -9.6926e-01 -7.5655e-01 -4.5467e-01 -2.0837e-01 
-5.7474e-01 -4.1823e-01 -5.8457e-01 -7.5866e-01 -4.2760e-01 -3.5174e-01 -1.5066e-01 -7.3571e-01 -5.3175e-01 -3.7571e-03 -3.0374e-01 -5.3626e-01 -6.8054e-01 -5.5654e-01 -7.3845e-01 -4.2698e-01 -5.3613e-02 -4.8549e-01 -3.5927e-01 -6.4125e-01 -9.1177e-01 -8.1925e-02 -1.0623e-01 -3.3051e-01 -9.2933e-01 -7.8557e-01 -1.3309e-01 -9.2845e-01 -2.5462e-01 -7.2839e-01 -9.7052e-01 -2.6742e-01 -3.9697e-01 -1.2434e-01 -5.3292e-01 -8.3386e-01 -1.0019e-01 -9.8794e-01 -1.8688e-01 -6.2754e-01 -8.4095e-01 7.4987e+01 -2.5469e-01 -6.4098e-01 -2.1181e-01 -4.4157e-01 -9.1104e-01 -5.0202e-01 -6.5220e-01 -9.9384e-01 
-2.6885e-01 -4.7005e-01 -8.3567e-01 -6.6535e-01 -1.2384e-01 -6.4616e-01 -3.5706e-01 -4.3247e-01 -4.2886e-01 -2.5634e-01 -4.0997e-01 -4.7316e-01 -4.2667e-01 -5.1707e-01 -9.1864e-01 -7.9913e-01 -4.5271e-01 -1.1172e-01 -3.2081e-01 -8.1770e-01 -4.9899e-01 -1.7437e-01 -6.0405e-01 -8.5328e-01 -2.3717e-01 -2.7226e-01 -1.8482e-01 -8.1679e-01 -3.1184e-01 -8.9742e-01 -8.9450e-01 -5.6745e-01 -1.1445e-01 -4.0594e-01 -2.3538e-01 -2.5126e-01 -9.4793e-01 -6.3606e-02 -2.7006e-01 -3.2847e-01 -3.9550e-01 -2.5469e-01 7.4032e+01 -5.3410e-01 -6.7480e-01 -7.8855e-01 -6.6637e-01 -6.4532e-01 -4.1608e-01 -9.9483e-01 
-3.1874e-01 -5.9217e-01 -8.7703e-01 -4.4020e-01 -1.9934e-01 -2.4447e-01 -8.4842e-01 -5.0635e-01 -4.1889e-02 -5.2120e-01 -2.1755e-01 -7.9285e-01 -6.3762e-01 -8.3901e-01 -5.3486e-01 -1.6267e-01 -2.2675e-01 -6.1824e-01 -3.4356e-01 -5.1600e-01 -1.5335e-01 -4.7447e-02 -3.0925e-01 -4.3491e-01 -1.1537e-01 -3.8077e-02 -9.3638e-01 -6.6555e-01 -2.0464e-01 -3.3202e-02 -5.1620e-02 -8.4442e-01 -4.8194e-01 -5.1309e-01 -5.7794e-01 -4.0167e-01 -8.3283e-01 -8.1914e-01 -2.9021e-01 -4.5138e-01 -9.8142e-01 -6.4098e-01 -5.3410e-01 7.0895e+01 -9.6703e-02 -1.1182e-01 -9.7441e-02 -1.1558e-01 -1.3105e-01 -5.0500e-01 
-4.1587e-01 -9.7276e-01 -5.8824e-02 -5.2822e-01 -5.0482e-02 -3.3262e-01 -3.3915e-01 -8.3626e-02 -7.8831e-01 -8.7195e-01 -4.1155e-01 -4.0353e-01 -3.5012e-01 -4.1444e-01 -9.7620e-01 -5.4207e-01 -8.7897e-01 -9.3372e-01 -2.9299e-01 -9.8481e-01 -7.2947e-01 -9.9370e-01 -6.4158e-01 -3.0598e-01 -4.4229e-02 -8.1135e-01 -4.1081e-01 -7.4540e-02 -5.6686e-01 -9.0232e-02 -8.3447e-01 -6.9679e-01 -5.5373e-01 -2.8708e-01 -8.6652e-02 -2.3979e-01 -1.9620e-01 -1.1266e-01 -2.1063e-01 -6.9574e-01 -6.6009e-01 -2.1181e-01 -6.7480e-01 -9.6703e-02 7.3409e+01 -3.3398e-02 -9.7200e-01 -9.0050e-01 -1.4817e-02 -6.3209e-01 
-9.5366e-01 -7.4883e-01 -7.3486e-01 -1.0844e-01 -6.8778e-01 -9.2596e-01 -2.1801e-01 -8.8145e-01 -1.7903e-01 -2.3841e-01 -2.9554e-01 -9.6305e-01 -9.2884e-01 -1.0564e-01 -2.4285e-01 -1.5838e-01 -4.4823e-01 -4.3478e-01 -7.5559e-01 -1.1068e-01 -1.4991e-02 -6.7336e-01 -6.8597e-01 -2.9196e-01 -2.0464e-01 -6.6749e-01 -3.6013e-01 -4.5833e-02 -7.0581e-01 -3.3785e-01 -4.9238e-02 -1.8607e-01 -1.9907e-02 -8.4395e-01 -2.5528e-01 -7.6435e-01 -4.8085e-01 -9.8785e-01 -8.2804e-02 -1.0261e-01 -5.0816e-01 -4.4157e-01 -7.8855e-01 -1.1182e-01 -3.3398e-02 7.2409e+01 -4.0866e-01 -9.8408e-01 -3.8864e-01 -8.6333e-01 
-8.4874e-01 -1.0823e-01 -8.9685e-01 -6.1440e-01 -6.2766e-01 -3.8753e-01 -3.4937e-01 -3.5539e-01 -9.7371e-01 -6.1208e-01 -1.1697e-01 -8.1193e-01 -4.7635e-01 -6.2182e-01 -1.7519e-01 -8.2536e-01 -3.2306e-01 -8.4779e-01 -1.9135e-01 -2.7160e-01 -1.3816e-01 -2.0080e-01 -4.8362e-01 -5.4114e-01 -3.8325e-01 -2.9646e-01 -7.7289e-02 -9.5279e-01 -1.0011e-01 -5.2449e-01 -8.9268e-01 -1.6274e-01 -9.5287e-01 -5.2242e-01 -5.3081e-01 -6.8875e-01 -6.8205e-02 -9.6468e-02 -3.2078e-02 -1.8882e-02 -9.6926e-01 -9.1104e-01 -6.6637e-01 -9.7441e-02 -9.7200e-01 -4.0866e-01 7.3464e+01 -1.9245e-01 -6.4333e-01 -5.0431e-01 
-8.5324e-01 -7.3953e-01 -3.2959e-01 -8.9468e-01 -1.0138e-01 -1.3350e-01 -1.1405e-01 -1.2732e-01 -2.2846e-02 -5.4874e-01 -2.2200e-02 -1.9491e-01 -9.1056e-01 -9.8787e-01 -1.1510e-01 -9.9552e-01 -2.2955e-01 -6.0782e-01 -9.0081e-01 -1.7616e-01 -8.4015e-01 -7.2317e-01 -6.8902e-01 -9.1003e-01 -3.7474e-01 -5.5295e-01 -7.7567e-01 -1.7172e-01 -5.2013e-01 -9.7787e-01 -7.4425e-01 -4.3802e-01 -2.4478e-01 -3.3500e-01 -3.3143e-01 -8.3746e-02 -7.7414e-01 -9.4651e-01 -2.2599e-02 -1.9230e-02 -7.5655e-01 -5.0202e-01 -6.4532e-01 -1.1558e-01 -9.0050e-01 -9.8408e-01 -1.9245e-01 7.4066e+01 -4.0426e-01 -8.4904e-02 
-9.8213e-01 -7.6629e-01 -3.0449e-01 -8.3665e-01 -8.4379e-01 -8.4397e-01 -1.1342e-01 -9.8164e-01 -5.5610e-01 -7.2257e-01 -6.6048e-01 -1.2413e-02 -2.6493e-01 -2.3775e-01 -3.5925e-01 -9.6306e-02 -6.7411e-01 -3.7885e-01 -1.3444e-01 -1.1496e-02 -2.8659e-01 -6.8835e-01 -6.7967e-01 -6.0121e-01 -5.7924e-02 -5.9682e-01 -5.2579e-01 -8.1689e-01 -8.3807e-01 -6.4113e-01 -1.5676e-01 -9.3269e-03 -2.4295e-01 -7.2900e-01 -4.9823e-01 -2.8676e-01 -5.6750e-01 -2.3910e-01 -7.9471e-01 -4.0756e-01 -4.5467e-01 -6.5220e-01 -4.1608e-01 -1.3105e-01 -1.4817e-02 -3.8864e-01 -6.4333e-01 -4.0426e-01 7.2966e+01 -4.1534e-01 
-1.3180e-01 -5.0530e-01 -5.9276e-01 -9.9125e-01 -3.1365e-01 -4.1573e-01 -5.6684e-01 -4.9047e-01 -7.7624e-02 -9.4374e-01 -2.2999e-02 -8.3072e-01 -8.5791e-01 -3.2420e-01 -6.6269e-01 -3.5058e-01 -9.4407e-01 -1.6876e-01 -3.6011e-01 -4.0603e-01 -3.1433e-01 -3.3896e-01 -1.5698e-01 -1.8271e-01 -8.1816e-01 -5.3364e-01 -8.6286e-01 -4.2676e-01 -4.7159e-02 -6.3696e-02 -9.0546e-01 -4.7920e-02 -1.5218e-01 -4.5511e-01 -6.8299e-01 -2.3745e-02 -3.2349e-01 -4.9814e-01 -1.3227e-01 -9.1781e-01 -2.0837e-01 -9.9384e-01 -9.9483e-01 -5.0500e-01 -6.3209e-01 -8.6333e-01 -5.0431e-01 -8.4904e-02 -4.1534e-01 7.3044e+01 
